0 0.090625 0.08515625 0.175 0.15625
0 0.24765625 0.16640625 0.184375 0.18203125
0 0.415625 0.08046875 0.15703125 0.1546875
0 0.584375 0.16640625 0.16953125 0.1734375
0 0.74453125 0.08359375 0.178125 0.16640625
0 0.91640625 0.1671875 0.1671875 0.1796875
0 0.74921875 0.2453125 0.15 0.18046875
0 0.58125 0.3328125 0.1671875 0.16328125
0 0.084375 0.24921875 0.16875 0.1796875
0 0.084375 0.41328125 0.1640625 0.18046875
0 0.084375 0.58203125 0.16875 0.1765625
0 0.08203125 0.74609375 0.15546875 0.17734375
0 0.08671875 0.91015625 0.16484375 0.16328125
0 0.246875 0.33203125 0.1671875 0.171875
0 0.2453125 0.50234375 0.1609375 0.175
0 0.25078125 0.67109375 0.17265625 0.17109375
0 0.25 0.83125 0.17421875 0.16875
0 0.41796875 0.91171875 0.17578125 0.17578125
0 0.41796875 0.74921875 0.1578125 0.16796875
0 0.41640625 0.58203125 0.165625 0.1765625
0 0.41796875 0.41015625 0.17578125 0.16875
0 0.41875 0.2453125 0.159375 0.1765625
0 0.58984375 0.50078125 0.1640625 0.1671875
0 0.58203125 0.66875 0.16484375 0.171875
0 0.58671875 0.83359375 0.165625 0.17421875
0 0.74609375 0.91328125 0.15546875 0.16484375
0 0.746875 0.74609375 0.17265625 0.1625
0 0.74921875 0.57890625 0.16875 0.17890625
0 0.74921875 0.4171875 0.17734375 0.16953125
0 0.91640625 0.3359375 0.16640625 0.17109375
0 0.91484375 0.49921875 0.1640625 0.17421875
0 0.915625 0.6671875 0.16875 0.16796875
0 0.909375 0.83828125 0.18125 0.1734375