3 0.834375 0.2109375 0.33125 0.42109375
2 0.54453125 0.3640625 0.134375 0.1640625
2 0.625 0.22421875 0.0921875 0.18828125
3 0.75234375 0.11640625 0.16796875 0.22265625
2 0.53828125 0.21796875 0.11484375 0.17578125
2 0.54921875 0.096875 0.16796875 0.16796875
3 0.840625 0.3 0.203125 0.19921875
3 0.840625 0.15234375 0.1796875 0.23203125
3 0.5546875 0.73984375 0.1390625 0.20546875
3 0.67109375 0.57890625 0.16875 0.19609375
3 0.65625 0.8890625 0.24140625 0.2140625
3 0.7625 0.7265625 0.14140625 0.22578125
3 0.909375 0.11640625 0.146875 0.2328125
2 0.365625 0.2265625 0.14296875 0.20859375
2 0.45859375 0.2328125 0.17421875 0.22109375
0 0.0515625 0.66328125 0.10234375 0.23984375
2 0.2078125 0.671875 0.2578125 0.27265625
0 0.36875 0.6734375 0.11796875 0.2203125
0 0.1359375 0.38671875 0.1140625 0.16953125