2 0.3484375 0.15 0.34375 0.2671875
2 0.7796875 0.4734375 0.1921875 0.1375
2 0.7953125 0.378125 0.2046875 0.153125
2 0.62265625 0.53359375 0.2 0.16015625
2 0.90859375 0.58828125 0.1828125 0.16171875
2 0.7484375 0.6421875 0.2375 0.121875
2 0.7703125 0.55625 0.20078125 0.175
0 0.6671875 0.10703125 0.2 0.1203125
0 0.321875 0.30625 0.240625 0.115625
2 0.19609375 0.5984375 0.2390625 0.20078125
3 0.20390625 0.503125 0.19765625 0.153125
3 0.3703125 0.621875 0.1765625 0.15859375
3 0.1921875 0.7203125 0.19609375 0.1859375
3 0.62890625 0.87890625 0.23046875 0.17265625
3 0.80546875 0.865625 0.20859375 0.18125
3 0.840625 0.8171875 0.22890625 0.17421875