2 0.4859375 0.46484375 0.06953125 0.11171875
2 0.48671875 0.5953125 0.06171875 0.10859375
2 0.36015625 0.08671875 0.12109375 0.0875
0 0.1546875 0.66484375 0.06796875 0.11484375
0 0.1578125 0.81875 0.08671875 0.128125
0 0.478125 0.0671875 0.053125 0.1015625
0 0.48515625 0.32890625 0.08515625 0.1203125
1 0.853125 0.19375 0.08515625 0.1265625
1 0.55703125 0.0671875 0.07734375 0.115625
1 0.56640625 0.19609375 0.065625 0.1140625
1 0.56171875 0.3296875 0.06015625 0.11875
1 0.5671875 0.45625 0.06171875 0.10390625
1 0.5671875 0.5921875 0.07109375 0.11171875
1 0.5734375 0.71015625 0.05625 0.09296875
3 0.56875 0.925 0.046875 0.09453125
3 0.575 0.821875 0.059375 0.08046875