0 0.47734375 0.0890625 0.06953125 0.11015625
0 0.47734375 0.33828125 0.06953125 0.1265625
0 0.15859375 0.80703125 0.08828125 0.109375
0 0.15390625 0.653125 0.08359375 0.12734375
0 0.15546875 0.52421875 0.0734375 0.1328125
0 0.1546875 0.3734375 0.0859375 0.1125
2 0.47890625 0.47265625 0.07734375 0.1046875
1 0.5625 0.48125 0.07421875 0.12265625
1 0.55859375 0.08828125 0.07109375 0.1265625
1 0.56015625 0.2203125 0.07109375 0.1046875
1 0.56171875 0.34375 0.06484375 0.09765625
2 0.475 0.603125 0.065625 0.12109375
1 0.559375 0.596875 0.07734375 0.10859375
1 0.54921875 0.7125 0.0890625 0.10234375
1 0.8421875 0.2140625 0.08515625 0.128125
3 0.559375 0.9265625 0.059375 0.084375
3 0.5609375 0.82578125 0.07265625 0.096875