0 0.1234375 0.1484375 0.1484375 0.09921875
0 0.2828125 0.1421875 0.13203125 0.07890625
0 0.43828125 0.13125 0.12578125 0.10546875
0 0.59375 0.1265625 0.125 0.1
1 0.646875 0.55625 0.109375 0.0796875
0 0.64296875 0.4703125 0.12421875 0.10078125
1 0.9203125 0.540625 0.11171875 0.0890625
0 0.9140625 0.4578125 0.12109375 0.08359375
1 0.246875 0.57578125 0.090625 0.06953125
1 0.3671875 0.56796875 0.1 0.07734375
1 0.50625 0.5609375 0.1046875 0.08046875
1 0.7796875 0.5515625 0.1171875 0.09296875
1 0.7921875 0.85234375 0.11484375 0.0875
2 0.5 0.48125 0.13359375 0.07265625
2 0.359375 0.48203125 0.11171875 0.08828125
3 0.1359375 0.58125 0.0875 0.06796875