2 0.9125 0.61953125 0.1546875 0.1890625
2 0.81640625 0.91796875 0.1765625 0.13828125
2 0.7484375 0.725 0.10859375 0.1375
0 0.2671875 0.20078125 0.15390625 0.2265625
0 0.38359375 0.13828125 0.11015625 0.17265625
0 0.4640625 0.190625 0.07265625 0.1390625
0 0.09609375 0.18671875 0.1921875 0.32265625
0 0.49921875 0.5984375 0.1359375 0.19140625
0 0.42109375 0.93515625 0.07890625 0.1140625
2 0.65078125 0.84609375 0.090625 0.2
0 0.1109375 0.7234375 0.140625 0.11953125
3 0.7296875 0.246875 0.2609375 0.2734375
3 0.78203125 0.0859375 0.18828125 0.17109375
3 0.903125 0.19296875 0.18125 0.21015625
3 0.89921875 0.39765625 0.153125 0.2140625
3 0.7546875 0.47109375 0.146875 0.23984375
3 0.5 0.41171875 0.09765625 0.1359375
2 0.89453125 0.78828125 0.18515625 0.115625