0 0.62578125 0.128125 0.23671875 0.23203125
0 0.36796875 0.1265625 0.21953125 0.23828125
0 0.12109375 0.1296875 0.24140625 0.25390625
0 0.48984375 0.31015625 0.21953125 0.22265625
0 0.23984375 0.30546875 0.21328125 0.23203125
0 0.62265625 0.49921875 0.215625 0.22578125
0 0.36953125 0.49375 0.22578125 0.23359375
0 0.11796875 0.4890625 0.2359375 0.24921875
0 0.2453125 0.6890625 0.209375 0.2125
0 0.49921875 0.6859375 0.23984375 0.215625
0 0.62421875 0.8734375 0.240625 0.24453125
0 0.371875 0.87109375 0.22265625 0.2203125
0 0.12109375 0.8734375 0.24140625 0.24453125