0 0.2984375 0.4171875 0.19609375 0.15234375
2 0.2609375 0.27265625 0.3328125 0.25390625
0 0.23671875 0.10390625 0.20625 0.128125
0 0.53046875 0.1171875 0.16171875 0.14609375
2 0.65078125 0.51796875 0.221875 0.13671875
3 0.78359375 0.76171875 0.20625 0.19375
2 0.80078125 0.5578125 0.20234375 0.1453125
2 0.7703125 0.3921875 0.18828125 0.1265625
2 0.740625 0.30078125 0.1984375 0.15390625
3 0.921875 0.61953125 0.15546875 0.159375
2 0.91640625 0.4546875 0.1671875 0.13359375
3 0.3328125 0.82109375 0.23359375 0.14921875
2 0.2984375 0.73203125 0.2515625 0.18984375
3 0.92578125 0.753125 0.1484375 0.146875
3 0.26953125 0.62265625 0.21640625 0.134375
3 0.46328125 0.6875 0.190625 0.17890625
3 0.13828125 0.75859375 0.20390625 0.18046875