2 0.321875 0.89453125 0.1875 0.1453125
2 0.23046875 0.71015625 0.14765625 0.125
2 0.15078125 0.85546875 0.10859375 0.20546875
2 0.13203125 0.6 0.2234375 0.1140625
2 0.340625 0.62578125 0.17421875 0.1609375
0 0.3890625 0.47578125 0.1921875 0.15546875
0 0.825 0.28203125 0.265625 0.1703125
0 0.8328125 0.28515625 0.21875 0.1640625
3 0.7328125 0.73125 0.28203125 0.296875
3 0.8234375 0.62109375 0.2734375 0.1390625
0 0.7171875 0.52265625 0.08125 0.06171875
0 0.85390625 0.109375 0.2921875 0.20546875
0 0.87734375 0.415625 0.16875 0.10703125
0 0.80546875 0.49296875 0.10546875 0.08671875
2 0.1046875 0.47421875 0.18984375 0.11796875
3 0.58203125 0.50546875 0.1453125 0.09921875
3 0.4890625 0.7546875 0.25 0.15625
3 0.88359375 0.8203125 0.203125 0.19375
3 0.74375 0.92734375 0.19296875 0.14453125
3 0.54375 0.896875 0.20703125 0.16875
0 0.065625 0.353125 0.09921875 0.0890625