1 0.31328125 0.07734375 0.13671875 0.13671875
0 0.20078125 0.08203125 0.08203125 0.0859375
0 0.415625 0.08125 0.07890625 0.07109375
1 0.5234375 0.06953125 0.13515625 0.11171875
3 0.91796875 0.07734375 0.1640625 0.115625
2 0.06484375 0.2875 0.10625 0.1109375
0 0.1625 0.28515625 0.08203125 0.10234375
3 0.27109375 0.290625 0.13671875 0.14296875
0 0.37421875 0.28203125 0.06953125 0.1046875
3 0.48359375 0.2828125 0.1359375 0.1328125
2 0.5953125 0.290625 0.08359375 0.1390625
0 0.67734375 0.28203125 0.07734375 0.10078125
1 0.7890625 0.27890625 0.1453125 0.1546875
2 0.890625 0.2953125 0.09375 0.1265625
0 0.07734375 0.49765625 0.1 0.10390625
1 0.28125 0.48046875 0.13203125 0.1421875
0 0.39453125 0.5 0.084375 0.11328125
3 0.496875 0.4984375 0.13359375 0.134375
2 0.6 0.5078125 0.0890625 0.0984375
1 0.7125 0.48828125 0.14453125 0.15390625
3 0.8296875 0.49296875 0.1375 0.1453125
2 0.9390625 0.496875 0.0984375 0.1234375
0 0.06640625 0.7046875 0.0953125 0.1015625
3 0.1828125 0.70625 0.1296875 0.13984375
3 0.315625 0.71015625 0.14453125 0.1515625
3 0.09296875 0.91015625 0.1390625 0.13203125
0 0.203125 0.9109375 0.07734375 0.11640625
1 0.30234375 0.9078125 0.14375 0.13671875
2 0.4078125 0.9140625 0.10390625 0.11015625
3 0.5125 0.91796875 0.1390625 0.13046875
2 0.6171875 0.928125 0.1046875 0.12421875
1 0.721875 0.90859375 0.13046875 0.1328125
3 0.85 0.9109375 0.146875 0.1375